600.000000 1.500000 0.162720 -4.620416
1200.000000 1.500000 0.162720 -4.620416
1800.000000 1.500000 0.162720 -4.620416
2400.000000 1.500000 0.162720 -4.620416
3000.000000 1.500000 0.191220 -2.670309
3600.000000 1.500000 0.224660 -1.600662
4200.000000 1.500000 0.225040 -1.592258
4800.000000 1.500000 0.225420 -1.583914
5400.000000 1.500000 0.225800 -1.575630
6000.000000 1.500000 0.226180 -1.567404
6600.000000 1.500000 0.226560 -1.559237
7200.000000 1.500000 0.226940 -1.551127
7800.000000 1.500000 0.226940 -1.551127
8400.000000 1.500000 0.227700 -1.535080
9000.000000 1.500000 0.228080 -1.527140
9600.000000 1.500000 0.228460 -1.519256
10200.000000 1.500000 0.229220 -1.503653
10800.000000 1.500000 0.229600 -1.495933
11400.000000 1.500000 0.229980 -1.488266
12000.000000 1.500000 0.230360 -1.480652
12600.000000 1.500000 0.231120 -1.465581
13200.000000 1.500000 0.231500 -1.458123
13800.000000 1.500000 0.231880 -1.450717
14400.000000 1.500000 0.232640 -1.436054
15000.000000 1.500000 0.233020 -1.428797
15600.000000 1.500000 0.233780 -1.414431
16200.000000 1.500000 0.234540 -1.400257
16800.000000 1.500000 0.235300 -1.386273
17400.000000 1.500000 0.235680 -1.379351
18000.000000 1.500000 0.235300 -1.386273
18600.000000 1.500000 0.235300 -1.386273
19200.000000 1.500000 0.234920 -1.393242
19800.000000 1.500000 0.234920 -1.393242
20400.000000 1.500000 0.234540 -1.400257
21000.000000 1.500000 0.234540 -1.400257
21600.000000 1.500000 0.234160 -1.407320
22200.000000 1.500000 0.234160 -1.407320
22800.000000 1.500000 0.233780 -1.414431
23400.000000 1.500000 0.233780 -1.414431
24000.000000 1.500000 0.233400 -1.421590
24600.000000 1.500000 0.233400 -1.421590
25200.000000 1.500000 0.233020 -1.428797
25800.000000 1.500000 0.233020 -1.428797
26400.000000 1.500000 0.232640 -1.436054
27000.000000 1.500000 0.232640 -1.436054
27600.000000 1.500000 0.232260 -1.443360
28200.000000 1.500000 0.232260 -1.443360
28800.000000 1.500000 0.231880 -1.450717
29400.000000 1.500000 0.231880 -1.450717
30000.000000 1.500000 0.231500 -1.458123
30600.000000 1.500000 0.231500 -1.458123
31200.000000 1.500000 0.231120 -1.465581
31800.000000 1.500000 0.231120 -1.465581
32400.000000 1.500000 0.230740 -1.473091
33000.000000 1.500000 0.230740 -1.473091
33600.000000 1.500000 0.230360 -1.480652
34200.000000 1.500000 0.230360 -1.480652
34800.000000 1.500000 0.229980 -1.488266
35400.000000 1.500000 0.229980 -1.488266
36000.000000 1.500000 0.229600 -1.495933
36600.000000 1.500000 0.229600 -1.495933
37200.000000 1.500000 0.229220 -1.503653
37800.000000 1.500000 0.229220 -1.503653
38400.000000 1.500000 0.228840 -1.511427
39000.000000 1.500000 0.228840 -1.511427
39600.000000 1.500000 0.228460 -1.519256
40200.000000 1.500000 0.228080 -1.527140
40800.000000 1.500000 0.228080 -1.527140
41400.000000 1.500000 0.227700 -1.535080
42000.000000 1.500000 0.227700 -1.535080
42600.000000 1.500000 0.227320 -1.543075
43200.000000 1.500000 0.227320 -1.543075
43800.000000 1.500000 0.226940 -1.551127
44400.000000 1.500000 0.226940 -1.551127
45000.000000 1.500000 0.226560 -1.559237
45600.000000 1.500000 0.226560 -1.559237
46200.000000 1.500000 0.226180 -1.567404
46800.000000 1.500000 0.226180 -1.567404
47400.000000 1.500000 0.225800 -1.575630
48000.000000 1.500000 0.225800 -1.575630
48600.000000 1.500000 0.225420 -1.583914
49200.000000 1.500000 0.225420 -1.583914
49800.000000 1.500000 0.225040 -1.592258
50400.000000 1.500000 0.225040 -1.592258
51000.000000 1.500000 0.224660 -1.600662
51600.000000 1.500000 0.224660 -1.600662
52200.000000 1.500000 0.224280 -1.609127
52800.000000 1.500000 0.224280 -1.609127
53400.000000 1.500000 0.223900 -1.617653
54000.000000 1.500000 0.223900 -1.617653
54600.000000 1.500000 0.223520 -1.626241
55200.000000 1.500000 0.223520 -1.626241
55800.000000 1.500000 0.223140 -1.634891
56400.000000 1.500000 0.223140 -1.634891
57000.000000 1.500000 0.222760 -1.643605
57600.000000 1.500000 0.222760 -1.643605
58200.000000 1.500000 0.222380 -1.652382
58800.000000 1.500000 0.222380 -1.652382
59400.000000 1.500000 0.222000 -1.661224
60000.000000 1.500000 0.222000 -1.661224
60600.000000 1.500000 0.221620 -1.670130
61200.000000 1.500000 0.221620 -1.670130
61800.000000 1.500000 0.221240 -1.679103
62400.000000 1.500000 0.221240 -1.679103
63000.000000 1.500000 0.221240 -1.679103
63600.000000 1.500000 0.220860 -1.688141
64200.000000 1.500000 0.220860 -1.688141
64800.000000 1.500000 0.220480 -1.697247
65400.000000 1.500000 0.220480 -1.697247
66000.000000 1.500000 0.220100 -1.706421
66600.000000 1.500000 0.220100 -1.706421
67200.000000 1.500000 0.219720 -1.715662
67800.000000 1.500000 0.219720 -1.715662
68400.000000 1.500000 0.219340 -1.724973
69000.000000 1.500000 0.219340 -1.724973
69600.000000 1.500000 0.218960 -1.734354
70200.000000 1.500000 0.218960 -1.734354
70800.000000 1.500000 0.218960 -1.734354
71400.000000 1.500000 0.218580 -1.743806
72000.000000 1.500000 0.218580 -1.743806
72600.000000 1.500000 0.218200 -1.753328
73200.000000 1.500000 0.218200 -1.753328
73800.000000 1.500000 0.217820 -1.762923
74400.000000 1.500000 0.217820 -1.762923
75000.000000 1.500000 0.217820 -1.762923
75600.000000 1.500000 0.217440 -1.772590
76200.000000 1.500000 0.217440 -1.772590
76800.000000 1.500000 0.217060 -1.782331
77400.000000 1.500000 0.217060 -1.782331
78000.000000 1.500000 0.216680 -1.792146
78600.000000 1.500000 0.216680 -1.792146
79200.000000 1.500000 0.216680 -1.792146
79800.000000 1.500000 0.216300 -1.802036
80400.000000 1.500000 0.216300 -1.802036
81000.000000 1.500000 0.215920 -1.812001
81600.000000 1.500000 0.215920 -1.812001
82200.000000 1.500000 0.215920 -1.812001
82800.000000 1.500000 0.215540 -1.822044
83400.000000 1.500000 0.215540 -1.822044
84000.000000 1.500000 0.215160 -1.832164
84600.000000 1.500000 0.215160 -1.832164
85200.000000 1.500000 0.215160 -1.832164
85800.000000 1.500000 0.214780 -1.842362
86400.000000 1.500000 0.214780 -1.842362
