#YYYY MM DD HH MM  P(mm)  PET(mm)
2009  5  7  0  0   15  0
2009  5  7  0  15  15  0
2009  5  7  0  30  15  0
2009  5  7  0  45  15  0
2009  5  7  1  0   0  0
2009  5  7  1  15  0  0
2009  5  7  1  30  0  0
2009  5  7  1  45  0  0
2009  5  7  2  0   0  0
2009  5  7  2  15  0  0
2009  5  7  2  30  0  0
2009  5  7  2  45  0  0
2009  5  7  3  0  0  0
2009  5  7  3  15  0  0
2009  5  7  3  30  0  0
2009  5  7  3  45  0  0
2009  5  7  4  0  0  0
2009  5  7  4  15  0  0
2009  5  7  4  30  0  0
2009  5  7  4  45  0  0
2009  5  7  5  0  0  0
2009  5  7  5  15  0  0
2009  5  7  5  30  0  0
2009  5  7  5  45  0  0
2009  5  7  6  0  0  0
2009  5  7  6  15  0  0
2009  5  7  6  30  0  0
2009  5  7  6  45  0  0
2009  5  7  7  0  0  0
2009  5  7  7  15  0  0
2009  5  7  7  30  0  0
2009  5  7  7  45  0  0
2009  5  7  8  0  0  0
2009  5  7  8  15  0  0
2009  5  7  8  30  0  0
2009  5  7  8  45  0  0
2009  5  7  9  0  0  0
2009  5  7  9  15  0  0
2009  5  7  9  30  0  0
2009  5  7  9  45  0  0
2009  5  7  10  0  0  0
2009  5  7  10  15  0  0
2009  5  7  10  30  0  0
2009  5  7  10  45  0  0
2009  5  7  11  0  0  0
2009  5  7  11  15  0  0
2009  5  7  11  30  0  0
2009  5  7  11  45  0  0
2009  5  7  12  0  0  0
2009  5  7  12  15  0  0
2009  5  7  12  30  0  0
2009  5  7  12  45  0  0
2009  5  7  13  0  0  0
2009  5  7  13  15  0  0
2009  5  7  13  30  0  0
2009  5  7  13  45  0  0
2009  5  7  14  0  0  0
2009  5  7  14  15  0  0
2009  5  7  14  30  0  0
2009  5  7  14  45  0  0
2009  5  7  15  0  0  0
2009  5  7  15  15  0  0
2009  5  7  15  30  0  0
2009  5  7  15  45  0  0
2009  5  7  16  0  0  0
2009  5  7  16  15  0  0
2009  5  7  16  30  0  0
2009  5  7  16  45  0  0
2009  5  7  17  0  0  0
2009  5  7  17  15  0  0
2009  5  7  17  30  0  0
2009  5  7  17  45  0  0
2009  5  7  18  0  0  0
2009  5  7  18  15  0  0
2009  5  7  18  30  0  0
2009  5  7  18  45  0  0
2009  5  7  19  0  0  0
2009  5  7  19  15  0  0
2009  5  7  19  30  0  0
2009  5  7  19  45  0  0
2009  5  7  20  0  0  0
2009  5  7  20  15  0  0
2009  5  7  20  30  0  0
2009  5  7  20  45  0  0
2009  5  7  21  0  0  0
2009  5  7  21  15  0  0
2009  5  7  21  30  0  0
2009  5  7  21  45  0  0
2009  5  7  22  0  0  0
2009  5  7  22  15  0  0
2009  5  7  22  30  0  0
2009  5  7  22  45  0  0
2009  5  7  23  0  0  0
2009  5  7  23  15  0  0
2009  5  7  23  30  0  0
2009  5  7  23  45  0  0
2009  5  8  0  0  0  0
2009  5  8  0  15  0  0
2009  5  8  0  30  0  0
2009  5  8  0  45  0  0
2009  5  8  1  0  0  0
2009  5  8  1  15  0  0
2009  5  8  1  30  0  0
2009  5  8  1  45  0  0
2009  5  8  2  0  0  0
2009  5  8  2  15  0  0
2009  5  8  2  30  0  0
2009  5  8  2  45  0  0
2009  5  8  3  0  0  0
2009  5  8  3  15  0  0
2009  5  8  3  30  0  0
2009  5  8  3  45  0  0
2009  5  8  4  0  0  0
2009  5  8  4  15  0  0
2009  5  8  4  30  0  0
2009  5  8  4  45  0  0
2009  5  8  5  0  0  0
2009  5  8  5  15  0  0
2009  5  8  5  30  0  0
2009  5  8  5  45  0  0
2009  5  8  6  0  0  0
2009  5  8  6  15  0  0
2009  5  8  6  30  0  0
2009  5  8  6  45  0  0
2009  5  8  7  0  0  0
2009  5  8  7  15  0  0
2009  5  8  7  30  0  0
2009  5  8  7  45  0  0
2009  5  8  8  0  0  0
2009  5  8  8  15  0  0
2009  5  8  8  30  0  0
2009  5  8  8  45  0  0
2009  5  8  9  0  0  0
2009  5  8  9  15  0  0
2009  5  8  9  30  0  0
2009  5  8  9  45  0  0
2009  5  8  10  0  0  0
2009  5  8  10  15  0  0
2009  5  8  10  30  0  0
2009  5  8  10  45  0  0
2009  5  8  11  0  0  0
2009  5  8  11  15  0  0
2009  5  8  11  30  0  0
2009  5  8  11  45  0  0
2009  5  8  12  0  0  0
2009  5  8  12  15  0  0
2009  5  8  12  30  0  0
2009  5  8  12  45  0  0
2009  5  8  13  0  0  0
2009  5  8  13  15  0  0
2009  5  8  13  30  0  0
2009  5  8  13  45  0  0
2009  5  8  14  0  0  0
2009  5  8  14  15  0  0
2009  5  8  14  30  0  0
2009  5  8  14  45  0  0
2009  5  8  15  0  0  0
2009  5  8  15  15  0  0
2009  5  8  15  30  0  0
2009  5  8  15  45  0  0
2009  5  8  16  0  0  0
2009  5  8  16  15  0  0
2009  5  8  16  30  0  0
2009  5  8  16  45  0  0
2009  5  8  17  0  0  0
2009  5  8  17  15  0  0
2009  5  8  17  30  0  0
2009  5  8  17  45  0  0
2009  5  8  18  0  0  0
2009  5  8  18  15  0  0
2009  5  8  18  30  0  0
2009  5  8  18  45  0  0
2009  5  8  19  0  0  0
2009  5  8  19  15  0  0
2009  5  8  19  30  0  0
2009  5  8  19  45  0  0
2009  5  8  20  0  0  0
2009  5  8  20  15  0  0
2009  5  8  20  30  0  0
2009  5  8  20  45  0  0
2009  5  8  21  0  0  0
2009  5  8  21  15  0  0
2009  5  8  21  30  0  0
2009  5  8  21  45  0  0
2009  5  8  22  0  0  0
2009  5  8  22  15  0  0
2009  5  8  22  30  0  0
2009  5  8  22  45  0  0
2009  5  8  23  0  0  0
2009  5  8  23  15  0  0
2009  5  8  23  30  0  0
2009  5  8  23  45  0  0
