0.003333 0.222203 -0.786666
0.006667 0.229663 -0.725428
0.010000 0.235880 -0.678641
0.013333 0.242097 -0.635259
0.016667 0.247070 -0.602755
0.020000 0.252043 -0.572029
0.023333 0.257017 -0.542930
0.026667 0.261990 -0.515323
0.030000 0.265720 -0.495523
0.033333 0.266963 -0.489086
0.036667 0.266963 -0.489086
0.040000 0.266963 -0.489086
0.043333 0.266963 -0.489086
0.046667 0.266963 -0.489086
0.050000 0.266963 -0.489086
0.053333 0.266963 -0.489086
0.056667 0.266963 -0.489086
0.060000 0.266963 -0.489086
0.063333 0.266963 -0.489086
0.066667 0.266963 -0.489086
0.070000 0.266963 -0.489086
0.073333 0.268207 -0.482728
0.076667 0.268207 -0.482728
0.080000 0.268207 -0.482728
0.083333 0.268207 -0.482728
0.086667 0.268207 -0.482728
0.090000 0.268207 -0.482728
0.093333 0.268207 -0.482728
0.096667 0.268207 -0.482728
0.100000 0.268207 -0.482728
0.103333 0.268207 -0.482728
0.106667 0.268207 -0.482728
0.110000 0.268207 -0.482728
0.113333 0.268207 -0.482728
0.116667 0.268207 -0.482728
0.120000 0.268207 -0.482728
0.123333 0.268207 -0.482728
0.126667 0.268207 -0.482728
0.130000 0.268207 -0.482728
0.133333 0.268207 -0.482728
0.136667 0.268207 -0.482728
0.140000 0.268207 -0.482728
0.143333 0.268207 -0.482728
0.146667 0.268207 -0.482728
0.150000 0.268207 -0.482728
0.153333 0.268207 -0.482728
0.156667 0.268207 -0.482728
0.160000 0.268207 -0.482728
0.163333 0.268207 -0.482728
0.166667 0.268207 -0.482728
0.170000 0.268207 -0.482728
0.173333 0.268207 -0.482728
0.176667 0.268207 -0.482728
0.180000 0.268207 -0.482728
0.183333 0.268207 -0.482728
0.186667 0.268207 -0.482728
0.190000 0.268207 -0.482728
0.193333 0.268207 -0.482728
0.196667 0.268207 -0.482728
0.200000 0.268207 -0.482728
0.203333 0.268207 -0.482728
0.206667 0.268207 -0.482728
0.210000 0.268207 -0.482728
0.213333 0.268207 -0.482728
0.216667 0.268207 -0.482728
0.220000 0.268207 -0.482728
0.223333 0.268207 -0.482728
0.226667 0.268207 -0.482728
0.230000 0.268207 -0.482728
0.233333 0.268207 -0.482728
0.236667 0.268207 -0.482728
0.240000 0.268207 -0.482728
0.243333 0.268207 -0.482728
0.246667 0.268207 -0.482728
0.250000 0.268207 -0.482728
0.253333 0.268207 -0.482728
0.256667 0.268207 -0.482728
0.260000 0.268207 -0.482728
0.263333 0.268207 -0.482728
0.266667 0.268207 -0.482728
0.270000 0.268207 -0.482728
0.273333 0.268207 -0.482728
0.276667 0.268207 -0.482728
0.280000 0.268207 -0.482728
0.283333 0.268207 -0.482728
0.286667 0.268207 -0.482728
0.290000 0.268207 -0.482728
0.293333 0.268207 -0.482728
0.296667 0.268207 -0.482728
0.300000 0.268207 -0.482728
0.303333 0.268207 -0.482728
0.306667 0.268207 -0.482728
0.310000 0.268207 -0.482728
0.313333 0.268207 -0.482728
0.316667 0.268207 -0.482728
0.320000 0.268207 -0.482728
0.323333 0.268207 -0.482728
0.326667 0.268207 -0.482728
0.330000 0.268207 -0.482728
0.333333 0.268207 -0.482728
0.336667 0.268207 -0.482728
0.340000 0.268207 -0.482728
0.343333 0.268207 -0.482728
0.346667 0.268207 -0.482728
0.350000 0.268207 -0.482728
0.353333 0.268207 -0.482728
0.356667 0.268207 -0.482728
0.360000 0.268207 -0.482728
0.363333 0.268207 -0.482728
0.366667 0.268207 -0.482728
0.370000 0.268207 -0.482728
0.373333 0.268207 -0.482728
0.376667 0.268207 -0.482728
0.380000 0.268207 -0.482728
0.383333 0.268207 -0.482728
0.386667 0.268207 -0.482728
0.390000 0.268207 -0.482728
0.393333 0.268207 -0.482728
0.396667 0.268207 -0.482728
0.400000 0.268207 -0.482728
0.403333 0.268207 -0.482728
0.406667 0.268207 -0.482728
0.410000 0.268207 -0.482728
0.413333 0.268207 -0.482728
0.416667 0.268207 -0.482728
0.420000 0.268207 -0.482728
0.423333 0.268207 -0.482728
0.426667 0.268207 -0.482728
0.430000 0.268207 -0.482728
0.433333 0.268207 -0.482728
0.436667 0.268207 -0.482728
0.440000 0.268207 -0.482728
0.443333 0.268207 -0.482728
0.446667 0.268207 -0.482728
0.450000 0.268207 -0.482728
0.453333 0.268207 -0.482728
0.456667 0.268207 -0.482728
0.460000 0.268207 -0.482728
0.463333 0.268207 -0.482728
0.466667 0.268207 -0.482728
0.470000 0.268207 -0.482728
0.473333 0.268207 -0.482728
0.476667 0.268207 -0.482728
0.480000 0.268207 -0.482728
0.483333 0.268207 -0.482728
0.486667 0.268207 -0.482728
0.490000 0.268207 -0.482728
0.493333 0.268207 -0.482728
0.496667 0.268207 -0.482728
0.500000 0.268207 -0.482728
0.503333 0.274423 -0.452059
0.506667 0.279397 -0.428782
0.510000 0.280640 -0.423126
0.513333 0.281883 -0.417532
0.516667 0.281883 -0.417532
0.520000 0.283127 -0.411999
0.523333 0.283127 -0.411999
0.526667 0.283127 -0.411999
0.530000 0.283127 -0.411999
0.533333 0.283127 -0.411999
0.536667 0.284370 -0.406527
0.540000 0.285613 -0.401113
0.543333 0.286857 -0.395757
0.546667 0.288100 -0.390457
0.550000 0.288100 -0.390457
0.553333 0.288100 -0.390457
0.556667 0.289343 -0.385212
0.560000 0.290587 -0.380021
0.563333 0.290587 -0.380021
0.566667 0.291830 -0.374883
0.570000 0.293073 -0.369797
0.573333 0.293073 -0.369797
0.576667 0.294317 -0.364762
0.580000 0.294317 -0.364762
0.583333 0.295560 -0.359776
0.586667 0.295560 -0.359776
0.590000 0.296803 -0.354839
0.593333 0.298047 -0.349950
0.596667 0.299290 -0.345107
0.600000 0.301777 -0.335558
0.603333 0.301777 -0.335558
0.606667 0.301777 -0.335558
0.610000 0.301777 -0.335558
0.613333 0.303020 -0.330849
0.616667 0.303020 -0.330849
0.620000 0.303020 -0.330849
0.623333 0.303020 -0.330849
0.626667 0.303020 -0.330849
0.630000 0.304263 -0.326183
0.633333 0.304263 -0.326183
0.636667 0.305507 -0.321559
0.640000 0.305507 -0.321559
0.643333 0.305507 -0.321559
0.646667 0.306750 -0.316975
0.650000 0.306750 -0.316975
0.653333 0.306750 -0.316975
0.656667 0.306750 -0.316975
0.660000 0.306750 -0.316975
0.663333 0.306750 -0.316975
0.666667 0.306750 -0.316975
0.670000 0.306750 -0.316975
0.673333 0.306750 -0.316975
0.676667 0.307993 -0.312432
0.680000 0.307993 -0.312432
0.683333 0.309237 -0.307928
0.686667 0.309237 -0.307928
0.690000 0.310480 -0.303462
0.693333 0.310480 -0.303462
0.696667 0.311723 -0.299033
0.700000 0.312967 -0.294641
0.703333 0.312967 -0.294641
0.706667 0.314210 -0.290284
0.710000 0.315453 -0.285962
0.713333 0.316697 -0.281675
0.716667 0.316697 -0.281675
0.720000 0.317940 -0.277420
0.723333 0.319183 -0.273198
0.726667 0.319183 -0.273198
0.730000 0.320427 -0.269007
0.733333 0.321670 -0.264847
0.736667 0.322913 -0.260716
0.740000 0.322913 -0.260716
0.743333 0.324157 -0.256615
0.746667 0.325400 -0.252542
0.750000 0.326643 -0.248497
0.753333 0.327887 -0.244478
0.756667 0.327887 -0.244478
0.760000 0.329130 -0.240485
0.763333 0.330373 -0.236517
0.766667 0.331617 -0.232574
0.770000 0.332860 -0.228654
0.773333 0.334103 -0.224757
0.776667 0.334103 -0.224757
0.780000 0.335347 -0.220882
0.783333 0.336590 -0.217028
0.786667 0.337833 -0.213194
0.790000 0.339077 -0.209380
0.793333 0.340320 -0.205584
0.796667 0.340320 -0.205584
0.800000 0.341563 -0.201806
0.803333 0.342807 -0.198046
0.806667 0.344050 -0.194301
0.810000 0.345293 -0.190571
0.813333 0.346537 -0.186856
0.816667 0.347780 -0.183155
0.820000 0.349023 -0.179465
0.823333 0.349023 -0.179465
0.826667 0.350267 -0.175788
0.830000 0.351510 -0.172120
0.833333 0.352753 -0.168463
0.836667 0.353997 -0.164813
0.840000 0.355240 -0.161171
0.843333 0.356483 -0.157535
0.846667 0.357727 -0.153905
0.850000 0.358970 -0.150277
0.853333 0.360213 -0.146653
0.856667 0.360213 -0.146653
0.860000 0.361457 -0.143029
0.863333 0.362700 -0.139405
0.866667 0.363943 -0.135779
0.870000 0.365187 -0.132149
0.873333 0.366430 -0.128514
0.876667 0.367673 -0.124872
0.880000 0.368917 -0.121220
0.883333 0.370160 -0.117557
0.886667 0.371403 -0.113880
0.890000 0.372647 -0.110187
0.893333 0.372647 -0.110187
0.896667 0.373890 -0.106475
0.900000 0.375133 -0.102740
0.903333 0.376377 -0.098979
0.906667 0.377620 -0.095188
0.910000 0.378863 -0.091363
0.913333 0.380107 -0.087499
0.916667 0.381350 -0.083590
0.920000 0.381350 -0.083590
0.923333 0.382593 -0.079630
0.926667 0.383837 -0.075610
0.930000 0.385080 -0.071522
0.933333 0.386323 -0.067355
0.936667 0.386323 -0.067355
0.940000 0.387567 -0.063095
0.943333 0.388810 -0.058726
0.946667 0.390053 -0.054227
0.950000 0.390053 -0.054227
0.953333 0.391297 -0.049571
0.956667 0.392540 -0.044721
0.960000 0.392540 -0.044721
0.963333 0.393783 -0.039623
0.966667 0.395027 -0.034201
0.970000 0.395027 -0.034201
0.973333 0.396270 -0.028325
0.976667 0.396270 -0.028325
0.980000 0.397513 -0.021753
0.983333 0.397513 -0.021753
0.986667 0.398757 -0.013892
0.990000 0.398757 -0.013892
0.993333 0.400000 0.000000
0.996667 0.400000 0.000000
1.000000 0.400000 0.000000
