0.003333 0.320427 -0.269007
0.006667 0.321670 -0.264847
0.010000 0.321670 -0.264847
0.013333 0.320427 -0.269007
0.016667 0.324157 -0.256615
0.020000 0.329130 -0.240485
0.023333 0.329130 -0.240485
0.026667 0.329130 -0.240485
0.030000 0.329130 -0.240485
0.033333 0.329130 -0.240485
0.036667 0.330373 -0.236517
0.040000 0.330373 -0.236517
0.043333 0.330373 -0.236517
0.046667 0.330373 -0.236517
0.050000 0.331617 -0.232574
0.053333 0.331617 -0.232574
0.056667 0.332860 -0.228654
0.060000 0.334103 -0.224757
0.063333 0.334103 -0.224757
0.066667 0.335347 -0.220882
0.070000 0.336590 -0.217028
0.073333 0.337833 -0.213194
0.076667 0.337833 -0.213194
0.080000 0.339077 -0.209380
0.083333 0.340320 -0.205584
0.086667 0.340320 -0.205584
0.090000 0.341563 -0.201806
0.093333 0.341563 -0.201806
0.096667 0.342807 -0.198046
0.100000 0.342807 -0.198046
0.103333 0.344050 -0.194301
0.106667 0.344050 -0.194301
0.110000 0.344050 -0.194301
0.113333 0.344050 -0.194301
0.116667 0.344050 -0.194301
0.120000 0.344050 -0.194301
0.123333 0.344050 -0.194301
0.126667 0.344050 -0.194301
0.130000 0.344050 -0.194301
0.133333 0.344050 -0.194301
0.136667 0.344050 -0.194301
0.140000 0.344050 -0.194301
0.143333 0.345293 -0.190571
0.146667 0.345293 -0.190571
0.150000 0.344050 -0.194301
0.153333 0.344050 -0.194301
0.156667 0.344050 -0.194301
0.160000 0.344050 -0.194301
0.163333 0.344050 -0.194301
0.166667 0.344050 -0.194301
0.170000 0.344050 -0.194301
0.173333 0.344050 -0.194301
0.176667 0.344050 -0.194301
0.180000 0.344050 -0.194301
0.183333 0.332860 -0.228654
0.186667 0.332860 -0.228654
0.190000 0.334103 -0.224757
0.193333 0.334103 -0.224757
0.196667 0.334103 -0.224757
0.200000 0.335347 -0.220882
0.203333 0.335347 -0.220882
0.206667 0.335347 -0.220882
0.210000 0.336590 -0.217028
0.213333 0.336590 -0.217028
0.216667 0.336590 -0.217028
0.220000 0.337833 -0.213194
0.223333 0.337833 -0.213194
0.226667 0.337833 -0.213194
0.230000 0.337833 -0.213194
0.233333 0.337833 -0.213194
0.236667 0.337833 -0.213194
0.240000 0.339077 -0.209380
0.243333 0.339077 -0.209380
0.246667 0.339077 -0.209380
0.250000 0.339077 -0.209380
0.253333 0.339077 -0.209380
0.256667 0.339077 -0.209380
0.260000 0.339077 -0.209380
0.263333 0.340320 -0.205584
0.266667 0.340320 -0.205584
0.270000 0.340320 -0.205584
0.273333 0.340320 -0.205584
0.276667 0.340320 -0.205584
0.280000 0.341563 -0.201806
0.283333 0.341563 -0.201806
0.286667 0.341563 -0.201806
0.290000 0.341563 -0.201806
0.293333 0.341563 -0.201806
0.296667 0.341563 -0.201806
0.300000 0.342807 -0.198046
0.303333 0.342807 -0.198046
0.306667 0.342807 -0.198046
0.310000 0.342807 -0.198046
0.313333 0.342807 -0.198046
0.316667 0.344050 -0.194301
0.320000 0.344050 -0.194301
0.323333 0.344050 -0.194301
0.326667 0.344050 -0.194301
0.330000 0.344050 -0.194301
0.333333 0.345293 -0.190571
0.336667 0.345293 -0.190571
0.340000 0.345293 -0.190571
0.343333 0.345293 -0.190571
0.346667 0.345293 -0.190571
0.350000 0.345293 -0.190571
0.353333 0.346537 -0.186856
0.356667 0.346537 -0.186856
0.360000 0.346537 -0.186856
0.363333 0.346537 -0.186856
0.366667 0.346537 -0.186856
0.370000 0.346537 -0.186856
0.373333 0.346537 -0.186856
0.376667 0.347780 -0.183155
0.380000 0.347780 -0.183155
0.383333 0.347780 -0.183155
0.386667 0.347780 -0.183155
0.390000 0.347780 -0.183155
0.393333 0.347780 -0.183155
0.396667 0.347780 -0.183155
0.400000 0.347780 -0.183155
0.403333 0.347780 -0.183155
0.406667 0.347780 -0.183155
0.410000 0.347780 -0.183155
0.413333 0.347780 -0.183155
0.416667 0.347780 -0.183155
0.420000 0.347780 -0.183155
0.423333 0.347780 -0.183155
0.426667 0.347780 -0.183155
0.430000 0.347780 -0.183155
0.433333 0.347780 -0.183155
0.436667 0.347780 -0.183155
0.440000 0.347780 -0.183155
0.443333 0.347780 -0.183155
0.446667 0.347780 -0.183155
0.450000 0.347780 -0.183155
0.453333 0.347780 -0.183155
0.456667 0.347780 -0.183155
0.460000 0.347780 -0.183155
0.463333 0.347780 -0.183155
0.466667 0.349023 -0.179465
0.470000 0.349023 -0.179465
0.473333 0.349023 -0.179465
0.476667 0.349023 -0.179465
0.480000 0.349023 -0.179465
0.483333 0.349023 -0.179465
0.486667 0.349023 -0.179465
0.490000 0.349023 -0.179465
0.493333 0.349023 -0.179465
0.496667 0.349023 -0.179465
0.500000 0.349023 -0.179465
0.503333 0.349023 -0.179465
0.506667 0.349023 -0.179465
0.510000 0.349023 -0.179465
0.513333 0.350267 -0.175788
0.516667 0.350267 -0.175788
0.520000 0.350267 -0.175788
0.523333 0.350267 -0.175788
0.526667 0.350267 -0.175788
0.530000 0.351510 -0.172120
0.533333 0.351510 -0.172120
0.536667 0.351510 -0.172120
0.540000 0.351510 -0.172120
0.543333 0.352753 -0.168463
0.546667 0.352753 -0.168463
0.550000 0.352753 -0.168463
0.553333 0.352753 -0.168463
0.556667 0.353997 -0.164813
0.560000 0.353997 -0.164813
0.563333 0.353997 -0.164813
0.566667 0.353997 -0.164813
0.570000 0.353997 -0.164813
0.573333 0.353997 -0.164813
0.576667 0.355240 -0.161171
0.580000 0.355240 -0.161171
0.583333 0.355240 -0.161171
0.586667 0.355240 -0.161171
0.590000 0.355240 -0.161171
0.593333 0.356483 -0.157535
0.596667 0.356483 -0.157535
0.600000 0.356483 -0.157535
0.603333 0.356483 -0.157535
0.606667 0.356483 -0.157535
0.610000 0.356483 -0.157535
0.613333 0.356483 -0.157535
0.616667 0.357727 -0.153905
0.620000 0.357727 -0.153905
0.623333 0.357727 -0.153905
0.626667 0.357727 -0.153905
0.630000 0.357727 -0.153905
0.633333 0.357727 -0.153905
0.636667 0.357727 -0.153905
0.640000 0.357727 -0.153905
0.643333 0.357727 -0.153905
0.646667 0.357727 -0.153905
0.650000 0.357727 -0.153905
0.653333 0.357727 -0.153905
0.656667 0.357727 -0.153905
0.660000 0.357727 -0.153905
0.663333 0.357727 -0.153905
0.666667 0.357727 -0.153905
0.670000 0.357727 -0.153905
0.673333 0.357727 -0.153905
0.676667 0.357727 -0.153905
0.680000 0.357727 -0.153905
0.683333 0.357727 -0.153905
0.686667 0.357727 -0.153905
0.690000 0.357727 -0.153905
0.693333 0.357727 -0.153905
0.696667 0.358970 -0.150277
0.700000 0.358970 -0.150277
0.703333 0.358970 -0.150277
0.706667 0.357727 -0.153905
0.710000 0.357727 -0.153905
0.713333 0.357727 -0.153905
0.716667 0.357727 -0.153905
0.720000 0.357727 -0.153905
0.723333 0.357727 -0.153905
0.726667 0.357727 -0.153905
0.730000 0.357727 -0.153905
0.733333 0.357727 -0.153905
0.736667 0.357727 -0.153905
0.740000 0.350267 -0.175788
0.743333 0.350267 -0.175788
0.746667 0.351510 -0.172120
0.750000 0.351510 -0.172120
0.753333 0.351510 -0.172120
0.756667 0.352753 -0.168463
0.760000 0.352753 -0.168463
0.763333 0.352753 -0.168463
0.766667 0.353997 -0.164813
0.770000 0.353997 -0.164813
0.773333 0.353997 -0.164813
0.776667 0.355240 -0.161171
0.780000 0.355240 -0.161171
0.783333 0.355240 -0.161171
0.786667 0.356483 -0.157535
0.790000 0.356483 -0.157535
0.793333 0.356483 -0.157535
0.796667 0.357727 -0.153905
0.800000 0.357727 -0.153905
0.803333 0.358970 -0.150277
0.806667 0.358970 -0.150277
0.810000 0.358970 -0.150277
0.813333 0.360213 -0.146653
0.816667 0.360213 -0.146653
0.820000 0.360213 -0.146653
0.823333 0.360213 -0.146653
0.826667 0.360213 -0.146653
0.830000 0.360213 -0.146653
0.833333 0.360213 -0.146653
0.836667 0.360213 -0.146653
0.840000 0.361457 -0.143029
0.843333 0.361457 -0.143029
0.846667 0.362700 -0.139405
0.850000 0.362700 -0.139405
0.853333 0.363943 -0.135779
0.856667 0.363943 -0.135779
0.860000 0.365187 -0.132149
0.863333 0.365187 -0.132149
0.866667 0.366430 -0.128514
0.870000 0.367673 -0.124872
0.873333 0.367673 -0.124872
0.876667 0.368917 -0.121220
0.880000 0.370160 -0.117557
0.883333 0.371403 -0.113880
0.886667 0.371403 -0.113880
0.890000 0.372647 -0.110187
0.893333 0.373890 -0.106475
0.896667 0.375133 -0.102740
0.900000 0.376377 -0.098979
0.903333 0.377620 -0.095188
0.906667 0.377620 -0.095188
0.910000 0.378863 -0.091363
0.913333 0.380107 -0.087499
0.916667 0.381350 -0.083590
0.920000 0.382593 -0.079630
0.923333 0.383837 -0.075610
0.926667 0.383837 -0.075610
0.930000 0.385080 -0.071522
0.933333 0.386323 -0.067355
0.936667 0.387567 -0.063095
0.940000 0.387567 -0.063095
0.943333 0.388810 -0.058726
0.946667 0.390053 -0.054227
0.950000 0.391297 -0.049571
0.953333 0.391297 -0.049571
0.956667 0.392540 -0.044721
0.960000 0.393783 -0.039623
0.963333 0.393783 -0.039623
0.966667 0.395027 -0.034201
0.970000 0.395027 -0.034201
0.973333 0.396270 -0.028325
0.976667 0.396270 -0.028325
0.980000 0.397513 -0.021753
0.983333 0.397513 -0.021753
0.986667 0.398757 -0.013892
0.990000 0.398757 -0.013892
0.993333 0.400000 0.000000
0.996667 0.400000 0.000000
1.000000 0.400000 0.000000
